16
62
256 768
240 752
240 720
240 704
240 688
240 672
240 656
224 640
240 736
208 624
192 608
128 560
128 544
144 528
176 608
160 592
144 576
160 544
176 560
192 576
208 576
224 592
240 576
240 560
240 544
240 528
240 512
240 464
256 480
272 464
224 496
208 480
224 464
272 512
272 528
272 544
288 464
304 480
288 496
272 560
272 576
288 592
304 576
320 576
336 560
352 544
368 528
368 576
272 656
272 672
272 688
352 592
336 608
320 608
304 624
288 640
384 544
384 560
272 704
272 720
272 736
272 752