16
75
32 592
48 592
96 576
64 592
80 592
192 592
208 592
224 592
240 592
256 592
112 560
128 560
144 560
160 576
176 592
272 592
288 592
304 592
320 592
336 592
416 576
432 560
448 560
464 560
480 576
496 592
352 592
368 592
384 592
400 592
496 688
480 704
464 720
448 720
432 736
416 736
400 752
384 752
368 752
352 752
336 752
320 752
304 752
288 752
272 752
256 752
240 736
224 736
208 720
512 592
528 592
544 592
560 592
576 608
592 624
592 640
576 656
560 672
544 688
528 688
512 688
192 720
176 704
160 704
144 704
128 688
112 688
96 688
80 688
64 672
48 672
32 656
16 640
16 624
16 608
