16
65
304 640
320 656
336 672
224 688
240 688
256 672
272 656
288 640
352 688
368 688
384 672
400 624
400 608
464 544
464 528
464 512
384 592
400 576
416 576
432 576
448 560
448 496
432 496
416 480
400 480
384 464
400 656
400 640
400 448
400 432
400 416
400 400
384 384
368 384
352 384
336 384
320 400
304 416
288 416
272 400
256 384
240 384
224 384
208 400
192 416
192 432
192 448
208 464
192 480
176 480
160 496
144 496
160 576
176 576
128 512
128 528
128 544
144 560
192 576
192 624
192 640
192 656
208 672
208 592
208 608
